-1.0316284534898774
-1.031628453489867
-1.0316284534898752
-1.0316284534898774
-1.031628453489868
-1.0316284534898772
-1.0316284534898774
-1.0316284534898676
-1.0316284534898625
-1.0316284534898728
-1.0316284534898728
-1.0316284534898768
-1.0316284534898688
-1.0316284534898694
-1.031628453489876
-1.031628453489876
-1.0316284534898774
-1.031628453489876
-1.0316284534898674
-1.03162845348986
-1.0316284534898466
-1.031628453489874
-1.031628453489868
-1.0316284534898716
-1.0316284534898668
-1.0316284534898756
-1.031628453489874
-1.0316284534898763
-1.0316284534898672
-1.0316284534898612
